2022/08/16-10:39:26.172978 1c08 RocksDB version: 5.18.3
2022/08/16-10:39:26.173129 1c08 Git sha rocksdb_build_git_sha:@641fae60f63619ed5d0c9d9e4c4ea5a0ffa3e253@
2022/08/16-10:39:26.173159 1c08 Compile date Apr 21 2019
2022/08/16-10:39:26.173503 1c08 DB SUMMARY
2022/08/16-10:39:26.174849 1c08 CURRENT file:  CURRENT
2022/08/16-10:39:26.174877 1c08 IDENTITY file:  IDENTITY
2022/08/16-10:39:26.174941 1c08 MANIFEST file:  MANIFEST-000016 size: 1458 Bytes
2022/08/16-10:39:26.174962 1c08 SST files in C:\Users\User\Desktop\epam_interanl_lab\microservices\kafka-streams-service\${HOME}\kafka-streaming-state\kafka-streams-application\1_0\rocksdb\word-count-store dir, Total Num: 2, files: 000039.sst 000040.sst 
2022/08/16-10:39:26.174978 1c08 Write Ahead Log file in C:\Users\User\Desktop\epam_interanl_lab\microservices\kafka-streams-service\${HOME}\kafka-streaming-state\kafka-streams-application\1_0\rocksdb\word-count-store: 000017.log size: 0 ; 
2022/08/16-10:39:26.175133 1c08                         Options.error_if_exists: 0
2022/08/16-10:39:26.176325 1c08                       Options.create_if_missing: 1
2022/08/16-10:39:26.176338 1c08                         Options.paranoid_checks: 1
2022/08/16-10:39:26.176347 1c08                                     Options.env: 000001A9A588A0D0
2022/08/16-10:39:26.176357 1c08                                Options.info_log: 000001A9A83B4CF0
2022/08/16-10:39:26.176366 1c08                Options.max_file_opening_threads: 16
2022/08/16-10:39:26.176384 1c08                              Options.statistics: 0000000000000000
2022/08/16-10:39:26.176393 1c08                               Options.use_fsync: 0
2022/08/16-10:39:26.176402 1c08                       Options.max_log_file_size: 0
2022/08/16-10:39:26.176411 1c08                  Options.max_manifest_file_size: 1073741824
2022/08/16-10:39:26.176420 1c08                   Options.log_file_time_to_roll: 0
2022/08/16-10:39:26.176428 1c08                       Options.keep_log_file_num: 1000
2022/08/16-10:39:26.176437 1c08                    Options.recycle_log_file_num: 0
2022/08/16-10:39:26.176446 1c08                         Options.allow_fallocate: 1
2022/08/16-10:39:26.176455 1c08                        Options.allow_mmap_reads: 0
2022/08/16-10:39:26.176464 1c08                       Options.allow_mmap_writes: 0
2022/08/16-10:39:26.176473 1c08                        Options.use_direct_reads: 0
2022/08/16-10:39:26.176482 1c08                        Options.use_direct_io_for_flush_and_compaction: 0
2022/08/16-10:39:26.176491 1c08          Options.create_missing_column_families: 0
2022/08/16-10:39:26.176500 1c08                              Options.db_log_dir: 
2022/08/16-10:39:26.176509 1c08                                 Options.wal_dir: C:\Users\User\Desktop\epam_interanl_lab\microservices\kafka-streams-service\${HOME}\kafka-streaming-state\kafka-streams-application\1_0\rocksdb\word-count-store
2022/08/16-10:39:26.176518 1c08                Options.table_cache_numshardbits: 6
2022/08/16-10:39:26.176527 1c08                      Options.max_subcompactions: 1
2022/08/16-10:39:26.176535 1c08                  Options.max_background_flushes: -1
2022/08/16-10:39:26.176544 1c08                         Options.WAL_ttl_seconds: 0
2022/08/16-10:39:26.176553 1c08                       Options.WAL_size_limit_MB: 0
2022/08/16-10:39:26.176562 1c08             Options.manifest_preallocation_size: 4194304
2022/08/16-10:39:26.176570 1c08                     Options.is_fd_close_on_exec: 1
2022/08/16-10:39:26.176579 1c08                   Options.advise_random_on_open: 1
2022/08/16-10:39:26.176587 1c08                    Options.db_write_buffer_size: 0
2022/08/16-10:39:26.176596 1c08                    Options.write_buffer_manager: 000001A9A81E1CC0
2022/08/16-10:39:26.176604 1c08         Options.access_hint_on_compaction_start: 1
2022/08/16-10:39:26.176613 1c08  Options.new_table_reader_for_compaction_inputs: 0
2022/08/16-10:39:26.176621 1c08           Options.random_access_max_buffer_size: 1048576
2022/08/16-10:39:26.176630 1c08                      Options.use_adaptive_mutex: 0
2022/08/16-10:39:26.176950 1c08                            Options.rate_limiter: 0000000000000000
2022/08/16-10:39:26.176968 1c08     Options.sst_file_manager.rate_bytes_per_sec: 0
2022/08/16-10:39:26.176975 1c08                       Options.wal_recovery_mode: 2
2022/08/16-10:39:26.176981 1c08                  Options.enable_thread_tracking: 0
2022/08/16-10:39:26.176987 1c08                  Options.enable_pipelined_write: 0
2022/08/16-10:39:26.176992 1c08         Options.allow_concurrent_memtable_write: 1
2022/08/16-10:39:26.176998 1c08      Options.enable_write_thread_adaptive_yield: 1
2022/08/16-10:39:26.177003 1c08             Options.write_thread_max_yield_usec: 100
2022/08/16-10:39:26.177009 1c08            Options.write_thread_slow_yield_usec: 3
2022/08/16-10:39:26.177014 1c08                               Options.row_cache: None
2022/08/16-10:39:26.177020 1c08                              Options.wal_filter: None
2022/08/16-10:39:26.177026 1c08             Options.avoid_flush_during_recovery: 0
2022/08/16-10:39:26.177032 1c08             Options.allow_ingest_behind: 0
2022/08/16-10:39:26.177037 1c08             Options.preserve_deletes: 0
2022/08/16-10:39:26.177043 1c08             Options.two_write_queues: 0
2022/08/16-10:39:26.177048 1c08             Options.manual_wal_flush: 0
2022/08/16-10:39:26.177053 1c08             Options.max_background_jobs: 4
2022/08/16-10:39:26.177059 1c08             Options.max_background_compactions: -1
2022/08/16-10:39:26.177065 1c08             Options.avoid_flush_during_shutdown: 0
2022/08/16-10:39:26.177070 1c08           Options.writable_file_max_buffer_size: 1048576
2022/08/16-10:39:26.177076 1c08             Options.delayed_write_rate : 16777216
2022/08/16-10:39:26.177081 1c08             Options.max_total_wal_size: 0
2022/08/16-10:39:26.177087 1c08             Options.delete_obsolete_files_period_micros: 21600000000
2022/08/16-10:39:26.177093 1c08                   Options.stats_dump_period_sec: 600
2022/08/16-10:39:26.177098 1c08                          Options.max_open_files: -1
2022/08/16-10:39:26.177104 1c08                          Options.bytes_per_sync: 0
2022/08/16-10:39:26.177110 1c08                      Options.wal_bytes_per_sync: 0
2022/08/16-10:39:26.177116 1c08       Options.compaction_readahead_size: 0
2022/08/16-10:39:26.177121 1c08 Compression algorithms supported:
2022/08/16-10:39:26.177970 1c08 	kZSTD supported: 1
2022/08/16-10:39:26.177987 1c08 	kSnappyCompression supported: 1
2022/08/16-10:39:26.178503 1c08 	kBZip2Compression supported: 0
2022/08/16-10:39:26.178511 1c08 	kZlibCompression supported: 1
2022/08/16-10:39:26.178519 1c08 	kLZ4Compression supported: 1
2022/08/16-10:39:26.178525 1c08 	kXpressCompression supported: 0
2022/08/16-10:39:26.178530 1c08 	kLZ4HCCompression supported: 1
2022/08/16-10:39:26.178536 1c08 	kZSTDNotFinalCompression supported: 1
2022/08/16-10:39:26.178547 1c08 Fast CRC32 supported: Supported on x86
2022/08/16-10:39:26.189809 1c08               Options.comparator: leveldb.BytewiseComparator
2022/08/16-10:39:26.189832 1c08           Options.merge_operator: None
2022/08/16-10:39:26.189839 1c08        Options.compaction_filter: None
2022/08/16-10:39:26.189845 1c08        Options.compaction_filter_factory: None
2022/08/16-10:39:26.189851 1c08         Options.memtable_factory: SkipListFactory
2022/08/16-10:39:26.189857 1c08            Options.table_factory: BlockBasedTable
2022/08/16-10:39:26.190413 1c08            table_factory options:   flush_block_policy_factory: FlushBlockBySizePolicyFactory (000001A9A410AAF0)
  cache_index_and_filter_blocks: 0
  cache_index_and_filter_blocks_with_high_priority: 0
  pin_l0_filter_and_index_blocks_in_cache: 0
  pin_top_level_index_and_filter: 1
  index_type: 0
  hash_index_allow_collision: 1
  checksum: 1
  no_block_cache: 0
  block_cache: 000001A9A57953D0
  block_cache_name: LRUCache
  block_cache_options:
    capacity : 52428800
    num_shard_bits : 6
    strict_capacity_limit : 0
    memory_allocator : None
    high_pri_pool_ratio: 0.000
  block_cache_compressed: 0000000000000000
  persistent_cache: 0000000000000000
  block_size: 4096
  block_size_deviation: 10
  block_restart_interval: 16
  index_block_restart_interval: 1
  metadata_block_size: 4096
  partition_filters: 0
  use_delta_encoding: 1
  filter_policy: rocksdb.BuiltinBloomFilter
  whole_key_filtering: 1
  verify_compression: 0
  read_amp_bytes_per_bit: 0
  format_version: 0
  enable_index_compression: 1
  block_align: 0
2022/08/16-10:39:26.191136 1c08        Options.write_buffer_size: 16777216
2022/08/16-10:39:26.191150 1c08  Options.max_write_buffer_number: 3
2022/08/16-10:39:26.191156 1c08          Options.compression: NoCompression
2022/08/16-10:39:26.191162 1c08                  Options.bottommost_compression: Disabled
2022/08/16-10:39:26.191167 1c08       Options.prefix_extractor: nullptr
2022/08/16-10:39:26.191173 1c08   Options.memtable_insert_with_hint_prefix_extractor: nullptr
2022/08/16-10:39:26.191179 1c08             Options.num_levels: 7
2022/08/16-10:39:26.191184 1c08        Options.min_write_buffer_number_to_merge: 1
2022/08/16-10:39:26.191190 1c08     Options.max_write_buffer_number_to_maintain: 0
2022/08/16-10:39:26.191195 1c08            Options.bottommost_compression_opts.window_bits: -14
2022/08/16-10:39:26.191201 1c08                  Options.bottommost_compression_opts.level: 32767
2022/08/16-10:39:26.191206 1c08               Options.bottommost_compression_opts.strategy: 0
2022/08/16-10:39:26.191212 1c08         Options.bottommost_compression_opts.max_dict_bytes: 0
2022/08/16-10:39:26.191218 1c08         Options.bottommost_compression_opts.zstd_max_train_bytes: 0
2022/08/16-10:39:26.191223 1c08                  Options.bottommost_compression_opts.enabled: false
2022/08/16-10:39:26.191229 1c08            Options.compression_opts.window_bits: -14
2022/08/16-10:39:26.191235 1c08                  Options.compression_opts.level: 32767
2022/08/16-10:39:26.191240 1c08               Options.compression_opts.strategy: 0
2022/08/16-10:39:26.191245 1c08         Options.compression_opts.max_dict_bytes: 0
2022/08/16-10:39:26.191251 1c08         Options.compression_opts.zstd_max_train_bytes: 0
2022/08/16-10:39:26.191257 1c08                  Options.compression_opts.enabled: false
2022/08/16-10:39:26.191263 1c08      Options.level0_file_num_compaction_trigger: 4
2022/08/16-10:39:26.191269 1c08          Options.level0_slowdown_writes_trigger: 20
2022/08/16-10:39:26.191274 1c08              Options.level0_stop_writes_trigger: 36
2022/08/16-10:39:26.191280 1c08                   Options.target_file_size_base: 67108864
2022/08/16-10:39:26.191286 1c08             Options.target_file_size_multiplier: 1
2022/08/16-10:39:26.191291 1c08                Options.max_bytes_for_level_base: 268435456
2022/08/16-10:39:26.191297 1c08 Options.level_compaction_dynamic_level_bytes: 0
2022/08/16-10:39:26.191302 1c08          Options.max_bytes_for_level_multiplier: 10.000000
2022/08/16-10:39:26.191312 1c08 Options.max_bytes_for_level_multiplier_addtl[0]: 1
2022/08/16-10:39:26.191317 1c08 Options.max_bytes_for_level_multiplier_addtl[1]: 1
2022/08/16-10:39:26.191323 1c08 Options.max_bytes_for_level_multiplier_addtl[2]: 1
2022/08/16-10:39:26.191329 1c08 Options.max_bytes_for_level_multiplier_addtl[3]: 1
2022/08/16-10:39:26.191334 1c08 Options.max_bytes_for_level_multiplier_addtl[4]: 1
2022/08/16-10:39:26.191340 1c08 Options.max_bytes_for_level_multiplier_addtl[5]: 1
2022/08/16-10:39:26.191345 1c08 Options.max_bytes_for_level_multiplier_addtl[6]: 1
2022/08/16-10:39:26.191351 1c08       Options.max_sequential_skip_in_iterations: 8
2022/08/16-10:39:26.191357 1c08                    Options.max_compaction_bytes: 1677721600
2022/08/16-10:39:26.191362 1c08                        Options.arena_block_size: 2097152
2022/08/16-10:39:26.191368 1c08   Options.soft_pending_compaction_bytes_limit: 68719476736
2022/08/16-10:39:26.191373 1c08   Options.hard_pending_compaction_bytes_limit: 274877906944
2022/08/16-10:39:26.191379 1c08       Options.rate_limit_delay_max_milliseconds: 100
2022/08/16-10:39:26.191385 1c08                Options.disable_auto_compactions: 0
2022/08/16-10:39:26.191940 1c08                        Options.compaction_style: kCompactionStyleUniversal
2022/08/16-10:39:26.191988 1c08                          Options.compaction_pri: kByCompensatedSize
2022/08/16-10:39:26.192007 1c08 Options.compaction_options_universal.size_ratio: 1
2022/08/16-10:39:26.192022 1c08 Options.compaction_options_universal.min_merge_width: 2
2022/08/16-10:39:26.192032 1c08 Options.compaction_options_universal.max_merge_width: 4294967295
2022/08/16-10:39:26.192038 1c08 Options.compaction_options_universal.max_size_amplification_percent: 200
2022/08/16-10:39:26.192043 1c08 Options.compaction_options_universal.compression_size_percent: -1
2022/08/16-10:39:26.192053 1c08 Options.compaction_options_universal.stop_style: kCompactionStopStyleTotalSize
2022/08/16-10:39:26.192059 1c08 Options.compaction_options_fifo.max_table_files_size: 1073741824
2022/08/16-10:39:26.192065 1c08 Options.compaction_options_fifo.allow_compaction: 0
2022/08/16-10:39:26.192070 1c08 Options.compaction_options_fifo.ttl: 0
2022/08/16-10:39:26.192077 1c08                   Options.table_properties_collectors: 
2022/08/16-10:39:26.192087 1c08                   Options.inplace_update_support: 0
2022/08/16-10:39:26.192097 1c08                 Options.inplace_update_num_locks: 10000
2022/08/16-10:39:26.192106 1c08               Options.memtable_prefix_bloom_size_ratio: 0.000000
2022/08/16-10:39:26.192123 1c08   Options.memtable_huge_page_size: 0
2022/08/16-10:39:26.192133 1c08                           Options.bloom_locality: 0
2022/08/16-10:39:26.192146 1c08                    Options.max_successive_merges: 0
2022/08/16-10:39:26.192157 1c08                Options.optimize_filters_for_hits: 0
2022/08/16-10:39:26.192162 1c08                Options.paranoid_file_checks: 0
2022/08/16-10:39:26.192168 1c08                Options.force_consistency_checks: 0
2022/08/16-10:39:26.192174 1c08                Options.report_bg_io_stats: 0
2022/08/16-10:39:26.192180 1c08                               Options.ttl: 0
2022/08/16-10:39:26.195159 1c08               Options.comparator: leveldb.BytewiseComparator
2022/08/16-10:39:26.195177 1c08           Options.merge_operator: None
2022/08/16-10:39:26.195184 1c08        Options.compaction_filter: None
2022/08/16-10:39:26.195190 1c08        Options.compaction_filter_factory: None
2022/08/16-10:39:26.195196 1c08         Options.memtable_factory: SkipListFactory
2022/08/16-10:39:26.195201 1c08            Options.table_factory: BlockBasedTable
2022/08/16-10:39:26.195230 1c08            table_factory options:   flush_block_policy_factory: FlushBlockBySizePolicyFactory (000001A9A410AAF0)
  cache_index_and_filter_blocks: 0
  cache_index_and_filter_blocks_with_high_priority: 0
  pin_l0_filter_and_index_blocks_in_cache: 0
  pin_top_level_index_and_filter: 1
  index_type: 0
  hash_index_allow_collision: 1
  checksum: 1
  no_block_cache: 0
  block_cache: 000001A9A57953D0
  block_cache_name: LRUCache
  block_cache_options:
    capacity : 52428800
    num_shard_bits : 6
    strict_capacity_limit : 0
    memory_allocator : None
    high_pri_pool_ratio: 0.000
  block_cache_compressed: 0000000000000000
  persistent_cache: 0000000000000000
  block_size: 4096
  block_size_deviation: 10
  block_restart_interval: 16
  index_block_restart_interval: 1
  metadata_block_size: 4096
  partition_filters: 0
  use_delta_encoding: 1
  filter_policy: rocksdb.BuiltinBloomFilter
  whole_key_filtering: 1
  verify_compression: 0
  read_amp_bytes_per_bit: 0
  format_version: 0
  enable_index_compression: 1
  block_align: 0
2022/08/16-10:39:26.195238 1c08        Options.write_buffer_size: 16777216
2022/08/16-10:39:26.195244 1c08  Options.max_write_buffer_number: 3
2022/08/16-10:39:26.195249 1c08          Options.compression: NoCompression
2022/08/16-10:39:26.195255 1c08                  Options.bottommost_compression: Disabled
2022/08/16-10:39:26.195261 1c08       Options.prefix_extractor: nullptr
2022/08/16-10:39:26.195266 1c08   Options.memtable_insert_with_hint_prefix_extractor: nullptr
2022/08/16-10:39:26.195272 1c08             Options.num_levels: 7
2022/08/16-10:39:26.195501 1c08        Options.min_write_buffer_number_to_merge: 1
2022/08/16-10:39:26.195522 1c08     Options.max_write_buffer_number_to_maintain: 0
2022/08/16-10:39:26.195531 1c08            Options.bottommost_compression_opts.window_bits: -14
2022/08/16-10:39:26.195541 1c08                  Options.bottommost_compression_opts.level: 32767
2022/08/16-10:39:26.195549 1c08               Options.bottommost_compression_opts.strategy: 0
2022/08/16-10:39:26.195558 1c08         Options.bottommost_compression_opts.max_dict_bytes: 0
2022/08/16-10:39:26.195566 1c08         Options.bottommost_compression_opts.zstd_max_train_bytes: 0
2022/08/16-10:39:26.195575 1c08                  Options.bottommost_compression_opts.enabled: false
2022/08/16-10:39:26.195584 1c08            Options.compression_opts.window_bits: -14
2022/08/16-10:39:26.195592 1c08                  Options.compression_opts.level: 32767
2022/08/16-10:39:26.195601 1c08               Options.compression_opts.strategy: 0
2022/08/16-10:39:26.195609 1c08         Options.compression_opts.max_dict_bytes: 0
2022/08/16-10:39:26.195617 1c08         Options.compression_opts.zstd_max_train_bytes: 0
2022/08/16-10:39:26.195626 1c08                  Options.compression_opts.enabled: false
2022/08/16-10:39:26.195634 1c08      Options.level0_file_num_compaction_trigger: 4
2022/08/16-10:39:26.195643 1c08          Options.level0_slowdown_writes_trigger: 20
2022/08/16-10:39:26.195651 1c08              Options.level0_stop_writes_trigger: 36
2022/08/16-10:39:26.195660 1c08                   Options.target_file_size_base: 67108864
2022/08/16-10:39:26.195668 1c08             Options.target_file_size_multiplier: 1
2022/08/16-10:39:26.195677 1c08                Options.max_bytes_for_level_base: 268435456
2022/08/16-10:39:26.195685 1c08 Options.level_compaction_dynamic_level_bytes: 0
2022/08/16-10:39:26.195694 1c08          Options.max_bytes_for_level_multiplier: 10.000000
2022/08/16-10:39:26.195705 1c08 Options.max_bytes_for_level_multiplier_addtl[0]: 1
2022/08/16-10:39:26.195713 1c08 Options.max_bytes_for_level_multiplier_addtl[1]: 1
2022/08/16-10:39:26.195722 1c08 Options.max_bytes_for_level_multiplier_addtl[2]: 1
2022/08/16-10:39:26.195730 1c08 Options.max_bytes_for_level_multiplier_addtl[3]: 1
2022/08/16-10:39:26.195740 1c08 Options.max_bytes_for_level_multiplier_addtl[4]: 1
2022/08/16-10:39:26.195748 1c08 Options.max_bytes_for_level_multiplier_addtl[5]: 1
2022/08/16-10:39:26.195757 1c08 Options.max_bytes_for_level_multiplier_addtl[6]: 1
2022/08/16-10:39:26.195766 1c08       Options.max_sequential_skip_in_iterations: 8
2022/08/16-10:39:26.195775 1c08                    Options.max_compaction_bytes: 1677721600
2022/08/16-10:39:26.195784 1c08                        Options.arena_block_size: 2097152
2022/08/16-10:39:26.195792 1c08   Options.soft_pending_compaction_bytes_limit: 68719476736
2022/08/16-10:39:26.195801 1c08   Options.hard_pending_compaction_bytes_limit: 274877906944
2022/08/16-10:39:26.195810 1c08       Options.rate_limit_delay_max_milliseconds: 100
2022/08/16-10:39:26.195818 1c08                Options.disable_auto_compactions: 0
2022/08/16-10:39:26.195829 1c08                        Options.compaction_style: kCompactionStyleUniversal
2022/08/16-10:39:26.195838 1c08                          Options.compaction_pri: kByCompensatedSize
2022/08/16-10:39:26.195847 1c08 Options.compaction_options_universal.size_ratio: 1
2022/08/16-10:39:26.195856 1c08 Options.compaction_options_universal.min_merge_width: 2
2022/08/16-10:39:26.195864 1c08 Options.compaction_options_universal.max_merge_width: 4294967295
2022/08/16-10:39:26.195873 1c08 Options.compaction_options_universal.max_size_amplification_percent: 200
2022/08/16-10:39:26.195882 1c08 Options.compaction_options_universal.compression_size_percent: -1
2022/08/16-10:39:26.195891 1c08 Options.compaction_options_universal.stop_style: kCompactionStopStyleTotalSize
2022/08/16-10:39:26.195900 1c08 Options.compaction_options_fifo.max_table_files_size: 1073741824
2022/08/16-10:39:26.195908 1c08 Options.compaction_options_fifo.allow_compaction: 0
2022/08/16-10:39:26.195921 1c08 Options.compaction_options_fifo.ttl: 0
2022/08/16-10:39:26.195931 1c08                   Options.table_properties_collectors: 
2022/08/16-10:39:26.195940 1c08                   Options.inplace_update_support: 0
2022/08/16-10:39:26.195949 1c08                 Options.inplace_update_num_locks: 10000
2022/08/16-10:39:26.195957 1c08               Options.memtable_prefix_bloom_size_ratio: 0.000000
2022/08/16-10:39:26.195967 1c08   Options.memtable_huge_page_size: 0
2022/08/16-10:39:26.195975 1c08                           Options.bloom_locality: 0
2022/08/16-10:39:26.195984 1c08                    Options.max_successive_merges: 0
2022/08/16-10:39:26.195993 1c08                Options.optimize_filters_for_hits: 0
2022/08/16-10:39:26.196001 1c08                Options.paranoid_file_checks: 0
2022/08/16-10:39:26.196009 1c08                Options.force_consistency_checks: 0
2022/08/16-10:39:26.196018 1c08                Options.report_bg_io_stats: 0
2022/08/16-10:39:26.196026 1c08                               Options.ttl: 0
